,AMT_DOWN_PAYMENT,HOUR_APPR_PROCESS_START,RATE_DOWN_PAYMENT,SELLERPLACE_AREA,DAYS_FIRST_DUE,DAYS_LAST_DUE_1ST_VERSION,DAYS_LAST_DUE,TARGET
0,0.0,15,0.0,35,-42.0,300.0,-42.0,0.0
1,0.0,11,0.0,-1,-134.0,916.0,365243.0,0.0
2,0.0,11,0.0,-1,-271.0,59.0,365243.0,0.0
3,0.0,7,0.0,-1,-482.0,-152.0,-182.0,0.0
4,0.0,9,0.0,-1,0.0,0.0,0.0,0.0
5,0.0,8,0.0,-1,-654.0,-144.0,-144.0,0.0
6,0.0,11,0.0,-1,0.0,0.0,0.0,0.0
7,0.0,7,0.0,-1,0.0,0.0,0.0,0.0
8,0.0,15,0.0,-1,0.0,0.0,0.0,0.0
9,0.0,15,0.0,-1,0.0,0.0,0.0,0.0
10,0.0,7,0.0,-1,-705.0,885.0,-345.0,0.0
11,0.0,10,0.0,-1,-785.0,85.0,-725.0,0.0
12,0.0,15,0.0,-1,-830.0,-140.0,-200.0,0.0
15,12649.5,7,0.1039712869911545,130,-668.0,-518.0,-518.0,0.0
16,1350.0,12,0.0513237940193642,130,-1440.0,-1230.0,-1230.0,0.0
18,0.0,14,0.0,6,0.0,0.0,0.0,0.0
19,0.0,16,0.0,6,0.0,0.0,0.0,0.0
20,0.0,6,0.0,-1,0.0,0.0,0.0,0.0
21,0.0,4,0.0,-1,-656.0,214.0,365243.0,0.0
22,0.0,9,0.0,-1,0.0,0.0,0.0,0.0
24,0.0,6,0.0,-1,0.0,0.0,0.0,0.0
25,0.0,8,0.0,-1,-340.0,-10.0,-10.0,0.0
27,0.0,14,0.0,-1,-1853.0,-1343.0,-1343.0,1.0
28,9000.0,14,0.1313740541726066,61,-2671.0,-2341.0,-2341.0,0.0
29,0.0,15,0.0,-1,0.0,0.0,0.0,0.0
30,0.0,12,0.0,20,-273.0,57.0,-183.0,0.0
32,0.0,12,0.0,-1,0.0,0.0,0.0,0.0
33,0.0,19,0.0,-1,0.0,0.0,0.0,0.0
34,0.0,14,0.0,-1,-234.0,365243.0,365243.0,0.0
35,0.0,7,0.0,50,-645.0,-495.0,-495.0,0.0
36,0.0,5,0.0,50,0.0,0.0,0.0,0.0
37,13500.0,12,0.0659322515845571,50,-958.0,-808.0,-808.0,0.0
39,4500.0,9,0.1302896170703324,40,-952.0,-802.0,-802.0,0.0
40,0.0,10,0.0,40,-764.0,-614.0,-614.0,0.0
42,7573.5,17,0.0982125060279697,1535,-2563.0,-1873.0,-1933.0,0.0
43,9000.0,12,0.0699570213958702,800,-374.0,-104.0,-104.0,0.0
44,0.0,13,0.0,182,-272.0,-2.0,365243.0,0.0
45,0.0,17,0.0,182,0.0,0.0,0.0,0.0
46,25312.5,15,0.2178491648105104,212,-212.0,118.0,-122.0,0.0
47,0.0,19,0.0,-1,0.0,0.0,0.0,0.0
48,0.0,17,0.0,-1,0.0,0.0,0.0,0.0
49,0.0,15,0.0,-1,365243.0,365243.0,365243.0,0.0
50,0.0,13,0.0,-1,0.0,0.0,0.0,0.0
52,0.0,17,0.0,333,0.0,0.0,0.0,1.0
53,0.0,10,0.0,333,-567.0,-297.0,-357.0,0.0
54,0.0,14,0.0,1000,0.0,0.0,0.0,0.0
55,0.0,13,0.0,-1,-527.0,-197.0,-197.0,0.0
57,0.0,16,0.0,-1,0.0,0.0,0.0,0.0
58,0.0,15,0.0,-1,-153.0,-3.0,-3.0,1.0
59,2637.0,16,0.088040732891057,24,-1742.0,-1412.0,-1472.0,0.0
60,0.0,15,0.0,-1,0.0,0.0,0.0,0.0
61,0.0,11,0.0,-1,0.0,0.0,0.0,0.0
62,0.0,14,0.0,-1,0.0,0.0,0.0,0.0
63,0.0,16,0.0,-1,0.0,0.0,0.0,1.0
64,0.0,8,0.0,-1,0.0,0.0,0.0,0.0
67,0.0,16,0.0,-1,0.0,0.0,0.0,0.0
68,0.0,10,0.0,-1,-178.0,1592.0,365243.0,0.0
70,11011.5,11,0.1143779165040967,250,-99.0,171.0,365243.0,0.0
71,0.0,17,0.0,5,-850.0,-160.0,-730.0,0.0
72,0.0,11,0.0,2078,-1296.0,-606.0,-996.0,0.0
73,0.0,17,0.0,2078,-1040.0,-350.0,-350.0,0.0
74,6111.0,12,0.3281529741614055,2078,0.0,0.0,0.0,0.0
75,0.0,17,0.0,2078,-1237.0,-547.0,-937.0,0.0
76,13248.0,16,0.1039684696768259,100,-3.0,147.0,365243.0,0.0
77,6669.0,13,0.1089752702229914,30,-562.0,-232.0,-352.0,0.0
80,0.0,17,0.0,-1,0.0,0.0,0.0,0.0
81,0.0,12,0.0,-1,0.0,0.0,0.0,0.0
82,0.0,13,0.0,-1,-435.0,365243.0,365243.0,0.0
83,0.0,12,0.0,-1,0.0,0.0,0.0,0.0
85,0.0,11,0.0,-1,0.0,0.0,0.0,0.0
87,0.0,14,0.0,95,-662.0,-512.0,-512.0,0.0
88,4653.0,12,0.0994542082486973,31,-590.0,-260.0,-260.0,0.0
89,9000.0,8,0.3409268771610295,20,-914.0,-764.0,-854.0,0.0
90,0.0,18,0.0,-1,0.0,0.0,0.0,0.0
91,0.0,14,0.0,-1,0.0,0.0,0.0,0.0
92,0.0,14,0.0,-1,0.0,0.0,0.0,0.0
93,0.0,18,0.0,-1,-297.0,365243.0,365243.0,0.0
94,0.0,16,0.0,-1,-923.0,-53.0,-53.0,1.0
95,0.0,16,0.0,3500,-1337.0,-1187.0,-1187.0,0.0
96,0.0,14,0.0,3500,-315.0,195.0,365243.0,0.0
97,0.0,9,0.0,3500,0.0,0.0,0.0,0.0
98,0.0,12,0.0,25,0.0,0.0,0.0,0.0
99,0.0,10,0.0,-1,-944.0,286.0,-554.0,0.0
100,0.0,14,0.0,-1,0.0,0.0,0.0,0.0
101,0.0,17,0.0,-1,0.0,0.0,0.0,0.0
102,0.0,17,0.0,-1,0.0,0.0,0.0,0.0
103,0.0,11,0.0,-1,0.0,0.0,0.0,0.0
104,0.0,15,0.0,-1,0.0,0.0,0.0,0.0
105,0.0,13,0.0,-1,0.0,0.0,0.0,0.0
106,0.0,12,0.0,-1,0.0,0.0,0.0,0.0
107,0.0,12,0.0,-1,0.0,0.0,0.0,0.0
108,0.0,14,0.0,-1,0.0,0.0,0.0,0.0
109,0.0,9,0.0,-1,0.0,0.0,0.0,0.0
111,0.0,16,0.0,-1,0.0,0.0,0.0,0.0
113,0.0,10,0.0,-1,0.0,0.0,0.0,0.0
114,0.0,11,0.0,-1,0.0,0.0,0.0,0.0
116,0.0,10,0.0,-1,0.0,0.0,0.0,0.0
117,0.0,12,0.0,-1,0.0,0.0,0.0,0.0
118,0.0,11,0.0,-1,0.0,0.0,0.0,0.0
120,51727.5,14,0.5305377802262998,70,-189.0,-39.0,-159.0,0.0
